300763
389017
571787
32768
140608
166375
148877
32768
389017
1331000
1560896
1481544
1367631
1000000
1601613
970299
1560896
1157625
1367631
1331000
32768
1560896
1367631
32768
300763
1481544
1771561
1404928
1560896
1367631
1092727
1481544
912673
1404928
1124864
1771561
97336
32768
274625
1520875
1520875
1157625
1092727
1331000
1295029
1030301
1331000
1560896
32768
125000
32768
64000
571787
1404928
1481544
1157625
1331000
1092727
32768
125000
110592
125000
132651
68921
32768
389017
1061208
32768
1771561
1367631
1601613
32768
1124864
912673
1643032
1030301
32768
970299
1367631
1295029
1030301
32768
1560896
1124864
1157625
1520875
32768
1061208
912673
1481544
32768
1560896
1124864
1030301
1331000
32768
1771561
1367631
1601613
32768
1225043
1331000
1367631
1685159
32768
1124864
1367631
1685159
32768
551368
571787
274625
32768
1685159
1367631
1481544
1225043
1520875
97336
32768
343000
1367631
1481544
32768
1560896
1124864
1157625
1520875
32768
912673
1520875
1520875
1157625
1092727
1331000
1295029
1030301
1331000
1560896
85184
32768
1771561
1367631
1601613
32768
1124864
912673
1643032
1030301
32768
1560896
1367631
32768
1520875
1601613
941192
1295029
1157625
1560896
32768
1295029
912673
1331000
1771561
32768
1061208
1157625
1259712
1030301
1520875
97336
32768
592704
1124864
1030301
32768
1061208
1157625
1481544
1520875
1560896
32768
1061208
1157625
1259712
1030301
32768
1157625
1520875
32768
1560896
1124864
1157625
1520875
32768
1000000
1030301
970299
1481544
1771561
1404928
1560896
1030301
1000000
32768
1061208
1157625
1259712
1030301
97336
32768
343000
1367631
1481544
32768
1560896
1124864
1030301
32768
1520875
1030301
970299
1367631
1331000
1000000
32768
1061208
1157625
1259712
1030301
195112
32768
1404928
1481544
1367631
1643032
1157625
1000000
1030301
32768
1771561
1367631
1601613
1481544
32768
1367631
1685159
1331000
32768
1157625
1295029
1404928
1259712
1030301
1295029
1030301
1331000
1560896
912673
1560896
1157625
1367631
1331000
32768
1367631
1061208
32768
1560896
1124864
1030301
32768
551368
571787
274625
32768
970299
1481544
1771561
1404928
1560896
1367631
32768
1520875
1771561
1520875
1560896
1030301
1295029
32768
1157625
1331000
32768
912673
1331000
1771561
32768
1404928
1481544
1367631
1092727
1481544
912673
1295029
1295029
1157625
1331000
1092727
32768
1259712
912673
1331000
1092727
1601613
912673
1092727
1030301
32768
1367631
1061208
32768
1771561
1367631
1601613
1481544
32768
970299
1124864
1367631
1157625
970299
1030301
97336
32768
274625
1259712
1259712
1367631
1685159
32768
1560896
1124864
1030301
32768
1601613
1520875
1030301
1481544
32768
912673
32768
1061208
1481544
1030301
1030301
1000000
1367631
1295029
32768
1560896
1367631
32768
970299
1124864
1367631
1367631
1520875
1030301
32768
1560896
1124864
1030301
32768
941192
1157625
1560896
91125
1259712
1030301
1331000
1092727
1560896
1124864
32768
1061208
1367631
1481544
32768
1560896
1124864
1030301
1157625
1481544
32768
1404928
1481544
1157625
1295029
1030301
32768
1331000
1601613
1295029
941192
1030301
1481544
1520875
97336
32768
704969
1367631
1601613
1481544
32768
1520875
1771561
1520875
1560896
1030301
1295029
32768
1520875
1124864
1367631
1601613
1259712
1000000
32768
1030301
1331000
970299
1481544
1771561
1404928
1560896
32768
1367631
1331000
1259712
1771561
32768
1520875
1157625
1331000
1092727
1259712
1030301
32768
274625
571787
300763
389017
389017
32768
970299
1124864
912673
1481544
912673
970299
1560896
1030301
1481544
1520875
32768
1061208
1481544
1367631
1295029
32768
1560896
1030301
1728000
1560896
32768
1061208
1157625
1259712
1030301
1520875
32768
1685159
1157625
1560896
1124864
1367631
1601613
1560896
32768
1520875
912673
1259712
1560896
1157625
1331000
1092727
97336
32768
704969
1367631
1601613
1481544
32768
1404928
1481544
1367631
1092727
1481544
912673
1295029
32768
1520875
1124864
1367631
1601613
1259712
1000000
32768
1560896
912673
1225043
1030301
32768
1061208
1367631
1601613
1481544
32768
1157625
1331000
1404928
1601613
1560896
32768
1404928
912673
1481544
912673
1295029
1030301
1560896
1030301
1481544
1520875
195112
32768
912673
32768
1404928
1259712
912673
1157625
1331000
1560896
1030301
1728000
1560896
32768
1061208
1157625
1259712
1030301
1331000
912673
1295029
1030301
85184
32768
912673
32768
970299
1157625
1404928
1124864
1030301
1481544
32768
1560896
1030301
1728000
1560896
32768
1061208
1157625
1259712
1030301
1331000
912673
1295029
1030301
85184
32768
912673
1331000
1000000
32768
912673
32768
1061208
1157625
1259712
1030301
1331000
912673
1295029
1030301
32768
1061208
1367631
1481544
32768
1560896
1124864
1030301
32768
1000000
1030301
970299
1481544
1771561
1404928
1560896
1030301
1000000
32768
1560896
1030301
1728000
1560896
85184
32768
912673
1331000
1000000
32768
912673
32768
941192
1157625
1560896
91125
1259712
1030301
1331000
1092727
1560896
1124864
32768
1404928
912673
1481544
912673
1295029
1030301
1560896
1030301
1481544
97336
32768
592704
1124864
1030301
32768
970299
1157625
1404928
1124864
1030301
1481544
32768
1560896
1030301
1728000
1560896
32768
1520875
1124864
1367631
1601613
1259712
1000000
32768
941192
1030301
32768
912673
32768
1520875
1030301
1442897
1601613
1030301
1331000
970299
1030301
32768
1367631
1061208
32768
1331000
1601613
1295029
941192
1030301
1481544
1520875
32768
1520875
1030301
1404928
912673
1481544
912673
1560896
1030301
1000000
32768
941192
1771561
32768
1331000
1030301
1685159
1259712
1157625
1331000
1030301
1520875
97336
32768
571787
1601613
941192
1295029
1157625
1560896
32768
1771561
1367631
1601613
1481544
32768
1520875
1367631
1601613
1481544
970299
1030301
32768
970299
1367631
1000000
1030301
97336
32768
343000
1367631
1481544
32768
1560896
1124864
1030301
32768
1560896
1124864
1157625
1481544
1000000
32768
1061208
1157625
1259712
1030301
195112
32768
1771561
1367631
1601613
32768
1124864
912673
1643032
1030301
32768
1560896
1367631
32768
1030301
1331000
970299
1481544
1771561
1404928
1560896
32768
1560896
1124864
1157625
1520875
32768
1061208
1157625
1259712
1030301
32768
1601613
1520875
1157625
1331000
1092727
32768
1771561
1367631
1601613
1481544
32768
1367631
1685159
1331000
32768
1157625
1295029
1404928
1259712
1030301
1295029
1030301
1331000
1560896
912673
1560896
1157625
1367631
1331000
32768
1367631
1061208
32768
551368
571787
274625
32768
912673
1331000
1000000
32768
1520875
1030301
1331000
1000000
32768
1295029
1030301
32768
1560896
1124864
1030301
32768
1000000
1030301
970299
1481544
1771561
1404928
1560896
1030301
1000000
32768
1061208
1157625
1259712
1030301
97336
32768
343000
1367631
1481544
32768
1560896
1124864
1030301
32768
1061208
1367631
1601613
1481544
1560896
1124864
32768
1061208
1157625
1259712
1030301
195112
32768
571787
1030301
1331000
1000000
32768
1295029
1030301
32768
1560896
1124864
1030301
32768
551368
571787
274625
32768
1295029
1367631
1000000
1601613
1259712
1601613
1520875
32768
912673
1331000
1000000
32768
1560896
1124864
1030301
32768
1520875
1030301
970299
1481544
1030301
1560896
32768
1030301
1728000
1404928
1367631
1331000
1030301
1331000
1560896
32768
1481544
1030301
1442897
1601613
1157625
1481544
1030301
1000000
32768
1560896
1367631
32768
1000000
1030301
970299
1481544
1771561
1404928
1560896
32768
1560896
1124864
1030301
32768
1061208
1157625
1259712
1030301
32768
1520875
1367631
32768
389017
32768
970299
912673
1331000
32768
1000000
1030301
970299
1481544
1771561
1404928
1560896
32768
1157625
1560896
32768
1404928
1481544
1367631
1404928
1030301
1481544
1259712
1771561
97336
32768
389017
1061208
32768
1771561
1367631
1601613
32768
1124864
912673
1643032
1030301
32768
912673
1331000
1771561
32768
1442897
1601613
1030301
1520875
1560896
1157625
1367631
1331000
1520875
32768
1000000
1367631
1331000
59319
1560896
32768
1124864
1030301
1520875
1157625
1560896
912673
1560896
1030301
32768
1560896
1367631
32768
912673
1520875
1225043
32768
1295029
1030301
97336
32768
551368
571787
274625
32768
912673
1520875
1520875
1157625
1092727
1331000
1295029
1030301
1331000
1560896
32768
1157625
1520875
32768
1000000
1601613
1030301
32768
343000
1030301
941192
32768
125000
175616
1560896
1124864
32768
1295029
1157625
1000000
1331000
1157625
1092727
1124864
1560896
97336
1000
1000
1000
